0.999847
0.999847
0.999847
0.999847
0.999847
0.999847
0.999847
0.999847
0.999847
0.999847
0.999847
0.999847
0.999847
0.999847
0.999847
0.999847
0.999847
0.999847
0.999847
0.999847
0.999847
0.999847
0.999847
0.999847
0.999847
0.999847
0.999847
0.999847
0.999847
0.999847
0.999847
0.999847
0.999847
0.999847
0.999847
0.999847
0.999847
0.999847
0.999847
0.999847
0.999847
0.999847
0.999847
0.999847
0.999847
0.999847
0.999847
0.999847
0.999847
0.998230
0.998230
0.998230
0.998230
0.998230
0.997314
0.997314
0.996796
0.995850
0.991180
0.989410
0.990234
0.989960
0.989410
0.989471
0.989227
0.988220
0.988342
0.988312
0.988068
0.987610
0.987457
0.986969
0.986908
0.996552
0.996307
0.996246
0.996368
0.996368
0.996796
0.996338
0.996277
0.996155
0.996155